128
359
0 1 4
1 0 4
1 2 2
2 1 2
2 3 2
3 2 2
3 4 1
4 3 1
4 5 1
5 4 1
5 6 2
6 5 2
6 7 2
7 6 2
7 8 1
8 7 1
8 9 2
9 8 2
9 10 1
10 9 1
10 11 1
11 10 1
11 12 1
12 11 1
12 13 1
13 12 1
13 14 3
14 13 3
15 2 2
2 15 2
2 16 4
16 2 4
16 17 2
17 16 2
17 18 2
18 17 2
18 19 1
19 18 1
19 20 1
20 19 1
20 21 1
21 20 1
21 22 1
22 21 1
22 23 1
23 22 1
23 24 2
24 23 2
24 25 3
25 24 3
25 12 4
12 25 4
26 27 3
27 26 3
27 28 1
28 27 1
28 16 3
16 28 3
16 29 2
29 16 2
29 30 1
30 29 1
30 31 1
31 30 1
31 32 4
32 31 4
32 33 1
33 32 1
34 25 3
25 34 3
25 35 1
35 25 1
35 36 1
36 35 1
36 37 1
37 36 1
38 35 3
35 38 3
39 40 2
40 39 2
40 20 2
20 40 2
20 41 1
41 20 1
41 42 1
42 41 1
42 43 2
43 42 2
43 32 1
32 43 1
32 44 2
44 32 2
44 7 1
7 44 1
7 45 2
45 7 2
45 46 1
46 45 1
46 47 4
47 46 4
47 48 2
48 47 2
48 49 1
49 48 1
49 50 3
50 49 3
50 51 3
51 50 3
52 53 4
53 52 4
53 23 3
23 53 3
22 41 1
41 22 1
42 34 2
34 42 2
34 54 1
54 34 1
54 9 3
9 54 3
9 55 2
55 9 2
55 56 3
56 55 3
2 57 3
57 2 3
57 58 2
58 57 2
58 59 2
59 58 2
59 60 3
60 59 3
60 47 1
47 60 1
49 56 4
56 49 4
56 61 4
61 56 4
61 62 2
62 61 2
62 12 3
12 62 3
63 64 3
64 63 3
64 22 4
22 64 4
22 65 1
65 22 1
65 66 1
66 65 1
66 42 1
42 66 1
42 67 4
67 42 4
67 31 1
31 67 1
31 68 1
68 31 1
68 6 1
6 68 1
7 69 3
69 7 3
69 56 4
56 69 4
56 70 2
70 56 2
70 71 1
71 70 1
71 72 1
72 71 1
72 73 1
73 72 1
73 74 2
74 73 2
70 75 4
75 70 4
65 23 1
23 65 1
23 76 3
76 23 3
76 77 1
77 78 1
78 76 2
79 59 5
59 79 5
59 80 3
80 59 3
80 5 1
5 80 1
5 81 1
81 5 1
81 31 1
31 81 1
31 82 1
82 31 1
82 83 1
83 82 1
83 84 1
84 83 1
84 43 1
43 84 1
43 34 1
34 43 1
34 9 4
9 34 4
9 11 3
11 9 3
11 62 2
62 11 2
62 85 2
85 62 2
85 86 1
86 85 1
86 87 7
87 86 7
87 88 2
88 87 2
89 90 5
90 89 5
90 91 1
91 90 1
91 92 3
92 91 3
92 57 2
57 92 2
57 93 2
93 57 2
93 3 1
3 93 1
3 94 2
94 3 2
94 95 1
95 94 1
95 30 1
30 95 1
30 67 1
67 30 1
67 82 1
82 67 1
54 12 5
12 54 5
12 96 3
96 12 3
96 97 3
97 96 3
98 99 1
99 98 1
99 90 1
90 100 3
91 99 2
100 91 2
100 59 3
59 100 3
59 101 2
101 59 2
101 102 2
102 101 2
102 46 2
46 102 2
46 103 1
103 46 1
103 69 3
69 103 3
69 55 1
55 69 1
8 33 2
33 8 2
33 34 1
34 33 1
34 24 2
24 34 2
24 77 3
77 24 3
77 38 2
38 77 2
38 104 7
104 38 7
105 106 3
106 105 3
106 40 2
40 106 2
40 107 3
107 40 3
107 18 1
18 107 1
18 29 4
29 18 4
29 81 1
81 29 1
5 108 2
108 5 2
108 102 2
102 108 2
102 47 3
47 102 3
60 109 4
109 60 4
109 110 2
110 109 2
111 112 1
112 111 1
112 113 1
113 112 1
113 114 1
114 113 1
114 115 1
115 114 1
115 116 2
116 115 2
116 17 3
17 116 3
117 118 4
118 117 4
118 17 3
17 118 3
17 29 2
29 17 2
29 94 1
94 29 1
94 4 1
4 94 1
4 80 1
80 4 1
80 101 3
101 80 3
101 47 1
47 101 1
47 119 4
119 47 4
119 120 3
120 119 3
121 115 1
115 121 1
115 122 1
122 115 1
122 118 1
118 122 1
118 123 1
123 118 1
123 29 1
29 123 1
81 68 1
68 81 1
68 7 1
7 68 1
7 10 1
10 7 1
10 61 1
61 10 1
61 124 2
124 61 2
124 70 2
70 124 2
70 125 4
125 70 4
125 126 1
126 125 1
126 127 1
127 126 1
